50
945 718536615 649651608
542 506983699 325682225
624 659685487 769692682
719 538531096 529810182
992 683564108 415439173
717 836934115 986736367
669 265401287 520385615
894 623152678 417259726
939 848097916 438007566
945 764581736 477617447
796 269593202 902671210
850 924660214 310947345
957 545881511 262966321
597 318858985 791617274
970 365330953 627043399
708 225534831 906743235
778 852916347 793769803
958 499786856 703251654
566 414629327 316706410
914 248624244 388575947
780 861243936 434068338
966 789260463 616654471
839 510563088 755496617
642 848478690 437213499
576 446651433 509127834
717 504373291 948609986
843 684944100 688543907
822 576354227 911858703
553 875832121 311263052
627 424633973 336939599
558 929362134 493270956
546 595089088 519005880
950 379797900 839091924
802 756612242 277525211
990 226037077 641930763
683 217992118 857645190
609 706860577 261588579
562 249409562 823728213
823 358397416 671826675
895 488042468 373066849
878 226041678 558694667
815 660497780 402640179
730 581069718 751404885
833 664428952 608832555
978 749188213 303578453
797 741462703 644826119
959 334512966 734190344
569 379562102 393532189
501 406273967 200518340
673 203554697 309002563
